      0.4164690      0.4060350      0.8973663
      0.9219046      0.3816030      2.1405499
      0.2512644      0.4074237      0.8478171
     -0.7775481      0.4187242      3.8190224
      0.4280826      0.3908074      0.7591586
      0.2453124      0.3905983      1.1357215
      0.4017140      0.5244720      0.8219805
      1.2244808      0.8204679      1.6702781
      0.4971963      0.3969353      1.7240392
      0.3869576      0.4146562      0.9773517
      0.3883040      0.4102360      0.7906691
      0.5510364      0.4014212      0.7549545
      0.7936847      0.4149515      0.5073409
      0.7675252      0.3866319      0.7327174
      0.9787128      0.6735904      1.8488081
      5.9336667      3.8853719      2.1631392
      0.2964842      0.6104960      0.7539807
      0.4365547      0.4287261      0.9676377
      0.7194034      1.0474062      0.8827123
      0.5181788      0.3861017      1.0235700
      0.3763917      0.3846559      0.8978781
      0.5539724      0.4178682      2.1651576
      1.6246408      0.4836143      0.6785209
      1.0362103      0.5348319      1.6710068
      0.4184220      0.3877246      0.7512168
      0.6647459      0.4120261      0.9799032
      0.5081965      0.4164663      1.0171815
      0.7514549      0.4353725      1.8035948
      0.4544563      0.4512001      0.7210849
      0.5557408      0.4166212      1.3414200
      0.9314982      0.5494397      3.6023155
      0.7396681      0.4103854      0.8353899
      0.1192599      0.3904218      1.5321299
      0.4304863      0.4014896      1.0057412
      0.3735286      0.4406968      0.9254219
      0.3907112      0.3917666      0.8923179
      0.5669278      0.4013546      0.7386140
      0.3934961      0.3829025      1.2725961
      0.7934958      0.4062253      2.7472135
      0.8462291      0.3823192      1.2269205
      1.3092314      0.3925106      1.4578818
      2.2229971      0.4841972      1.7262915
      0.2293226      0.3959381      1.1276678
      5.4139492      1.9464322      1.6906688
      0.4793760      0.4074013      0.5218174
      0.2578265      0.3933478      0.5544779
      0.6321780      0.4238515      1.4154380
      0.5695375      0.3975378      0.9299616
      0.0415366      0.4261823      1.9655909
     -0.0459780      0.4099891      1.2538166
      0.7341651      0.3961964      1.0447239
      0.5270226      0.4091460      1.3291593
      0.2980991      0.4008743      1.0317878
      0.7359183      0.3938893      1.0172410
      0.4968339      0.3981577      1.0212975
      0.3176448      0.4054787      0.3950369
      1.0708911      0.4222394      2.1295238
      0.1758940      0.3972339      0.7887566
      0.5189766      0.4118797      1.4718582
      8.6170865      2.5171427      1.0335865
      0.3781536      0.3965733      0.9777883
      0.0452161      0.4216551      1.0206650
      0.0205398      0.4001505      1.3511389
      0.6272937      0.3949051      1.4438308
      0.3851712      0.4079382      0.6222436
      0.2210005      0.4004256      0.3829352
      0.4278797      0.3899634      0.8248421
      0.0969212      0.3909485      0.6105551
      0.1346236      0.4003476      0.7278106
      0.3735880      0.3778942      0.8702462
      0.7878956      0.3819052      1.0053708
      0.6718933      0.4182043      0.9427185
      0.8203249      0.3918404      0.9028683
      0.9979749      0.3940555      0.7365809
      0.5692331      0.4322674      0.6266172
     -0.1688786      0.4202397      2.1182170
      0.1999665      0.4025714      0.8661457
     -1.3860595      0.3907651      4.0051155
      0.3893993      0.4156047      0.9975865
      0.1444091      0.3868032      0.4889172
      0.8043135      0.4741525      0.4678235
      0.8476392      0.4146261      2.6604233
      0.4153776      0.4428274      0.9770888
      0.5320417      0.3858987      0.7495667
      0.8341279      0.3729155      1.2525536
      0.7475320      0.3937496      0.3630701
      0.3853059      0.4209910      0.4081640
      0.2006792      0.3915505      0.7792701
     -0.4086221      0.4206236      1.2130475
      1.0244521      0.4346505      1.6400813
      0.3052237      0.3792542      1.0348098
      1.2234970      1.1847053      0.9699173
      0.4773375      0.3983522      0.9695462
      0.7563738      0.3928085      1.8259865
      0.8340528      0.3953609      0.6836464
      0.5158981      0.4019092      1.6943330
     -0.4232888      0.4101368      0.8438964
      0.2954846      0.4327490      1.9064742
      0.3609284      0.3815694      0.6150860
      0.2390182      0.3811550      0.6810407
      0.2753466      0.3949278      0.6715888
      0.4058543      0.3909842      0.5950782
      8.9399367      6.5751355      1.5285968
      0.0915112      0.3896898      1.1444985
     -0.6429961      0.4273924      1.4328403
      0.5903153      0.3906692      0.6752212
      0.4163394      0.3730143      0.9702962
      0.3737952      0.3854083      0.3664180
      3.6409729      5.4910423      2.5201525
      0.1449714      0.4008207      1.3492192
     -0.7307416      0.3798245      1.5504501
      0.5347542      0.4121854      1.4854158
      7.2481299     11.1426873      2.0185051
      6.1337559      8.9535235      1.4499370
      0.8217941      0.3867501      1.0388299
      0.2533932      0.4102801      0.8201925
      0.5711652      0.3950729      0.8575186
     -0.0359811      0.3757520      1.5051271
      0.3996490      0.3893930      1.5277855
      0.5636327      0.3846902      2.0357954
      0.3098415      0.4003793      0.4342367
      0.0490187      0.3742522      1.3377345
      0.7937580      0.3898728      0.6219738
     -0.1846665      0.4271897      2.5613527
      0.7716131      0.4108447      0.7148119
      0.2907558      0.4064141      0.4422182
      0.4411309      0.4036949      0.7600278
      0.5560475      0.4093274      0.8177796
      0.3738374      0.4083469      0.6787894
      0.0924233      0.3718872      0.6390163
      0.4547599      0.4028245      0.6998635
      0.2581719      0.3754997      1.0869621
     -0.0164793      0.3830799      1.7483146
      1.6789549      0.3543006      1.6273634
     -1.2677060      0.3969838      1.5015818
      0.1522076      0.3615263      0.9576215
      0.5321978      0.3786190      0.8238163
      0.0108934      0.3901263      1.6158063
      0.0744461      0.3701754      1.7934726
      0.0877986      0.3772894      1.2239667
      0.5885121      0.3509339      1.9357707
     -0.0761238      0.3816952      2.3978305
      1.8854759      0.8260376      1.2032480
     10.7453182     10.1843479      1.7630922
      0.6131368      0.3654104      0.6643392
      0.7722923      0.3777467      1.1537662
      0.2372370      0.3787015      1.8068266
      0.6914929      0.3904022      0.6765553
      1.3968901      0.4753728      1.7162750
      0.5642446      0.3654403      1.4439239
      1.0395280      0.8576328      1.7726868
     -1.1594004      0.3687059      1.0232110
      0.6244995      0.3662300      0.9131927
     11.7965376      5.7658066      1.4408941
      0.5230502      0.3777063      1.5034637
     -0.0070796      0.3959937      1.3260726
      1.0974361      0.3692843      2.3671877
     -0.1984259      0.3658276      1.0316509
     -0.0035834      0.3754745      1.5011104
      9.4938555     11.0176172      3.3295731
     -0.0925328      0.3826319      1.2934053
     -0.1182167      0.3746865      1.3569527
      0.5670027      0.3584962      1.8102601
      0.2816835      0.3640537      0.5699388
      0.1986909      0.3725324      0.9414085
      3.3872869      0.7831544      2.0300093
     -0.0648218      0.3847788      1.2821109
      2.6951535      0.8900205      2.1887414
      0.3913318      0.3642102      1.2400472
      1.1323697      0.9034868      1.8604443
      9.7849817      9.7429422      2.1189915
      0.0931463      0.3983719      1.3846710
      0.6119389      0.3661100      0.7237121
     -0.3166943      0.3651356      1.4833012
      0.5331274      0.3716278      0.6861919
      0.2165733      0.3734174      0.6560075
      1.8095374      0.6807678      2.2345664
     -0.1276295      0.3764355      3.0258520
      1.9813512      0.6029459      1.4468697
     -0.0308649      0.3670631      1.0510992
      0.3561676      0.3749843      0.7573012
      0.3087662      0.3481533      1.3170056
      1.2396379      0.3592740      1.7773798
     -0.7353478      0.3911571      1.8094540
      2.0864389      0.3756207      1.3203268
      0.5025364      0.3682294      0.9652299
     -0.0733219      0.3783282      1.3123308
      0.7846168      0.3558792      0.9256163
     -0.0235581      0.3812966      1.3335232
      0.2986440      0.3788643      0.8256649
      0.7122810      0.3807120      0.8521614
      0.1422799      0.3608032      1.2722518
      0.4650954      0.3680427      0.8462774
      0.3199701      0.3591575      1.1546524
     -0.0658303      0.3472050      2.5044166
      0.7616454      0.3623638      1.0803969
      0.2111216      0.3707558      1.1417414
      0.4209989      0.3827284      0.8698633
     11.0050726      4.3664446      2.1956562
MSE = 1.11494063244MAPE = 82.3192663953