      0.4677479      0.4060350      0.1480152
      0.8836538      0.3816030      0.8261677
      0.4246204      0.4074237      0.1084099
      0.4103096      0.4187242      0.5640174
      0.3754983      0.3908074      0.1149590
      0.3583025      0.3905983      0.1868632
      0.2805288      0.5244720      0.4161574
     -1.0926855      0.8204679      0.6328035
      0.3599303      0.3969353      0.3410728
      0.4790521      0.4146562      0.1450100
      0.4358729      0.4102360      0.0931690
      0.4627297      0.4014212      0.1499628
      0.4083016      0.4149515      0.1109992
      0.4036542      0.3866319      0.1843429
      0.3238254      0.6735904      0.7547684
      3.3844295      3.8853719      0.9844922
      0.6507461      0.6104960      0.4587525
      0.2992018      0.4287261      0.2559055
      0.9691279      1.0474062      0.3619203
      0.3709024      0.3861017      0.1755113
      0.4446412      0.3846559      0.1830156
      0.5041304      0.4178682      0.2805565
      0.3361554      0.4836143      0.2836599
      1.2164249      0.5348319      0.6432440
      0.4106963      0.3877246      0.2286500
      0.4591472      0.4120261      0.1895959
      0.4647696      0.4164663      0.1891219
      0.2910673      0.4353725      0.4066261
      1.5731983      0.4512001      0.3012810
      0.4759063      0.4166212      0.2386805
      1.8167963      0.5494397      0.8300231
      0.4154867      0.4103854      0.1237313
      0.4145746      0.3904218      0.3293362
      0.4162719      0.4014896      0.1618342
      0.4560495      0.4406968      0.2537598
      0.4871621      0.3917666      0.1630881
      0.4364486      0.4013546      0.1235625
      0.3611149      0.3829025      0.1716661
      0.3974099      0.4062253      0.6134331
      0.6556566      0.3823192      0.4073379
      0.4548549      0.3925106      0.2690806
      0.6238720      0.4841972      0.8309665
      0.3702338      0.3959381      0.1847225
      2.4622946      1.9464322      0.7672290
      0.3964445      0.4074013      0.0779731
      0.3645937      0.3933478      0.0905919
      0.4697843      0.4238515      0.2551135
      0.3869699      0.3975378      0.1871874
      0.3961965      0.4261823      0.3702330
      0.5778043      0.4099891      0.2046318
      0.3837821      0.3961964      0.0920923
      0.4585258      0.4091460      0.1410783
      0.4067350      0.4008743      0.1404968
      0.4024363      0.3938893      0.0741727
      0.4057709      0.3981577      0.1556865
      0.4427699      0.4054787      0.0886319
     -0.3580712      0.4222394      0.3782153
      0.4055505      0.3972339      0.1616802
      0.3838673      0.4118797      0.4571753
      1.3587246      2.5171427      0.4501234
      0.4243218      0.3965733      0.1741762
      0.4550874      0.4216551      0.2679229
      0.3864522      0.4001505      0.4168392
      0.4515057      0.3949051      0.2559725
      0.3690284      0.4079382      0.2336746
      0.4272058      0.4004256      0.1078215
      0.4238665      0.3899634      0.2154520
      0.3532543      0.3909485      0.1421266
      0.4215644      0.4003476      0.1341027
      0.3741817      0.3778942      0.2467950
      0.3663696      0.3819052      0.1869081
      0.4496508      0.4182043      0.1452301
      0.4651502      0.3918404      0.1816436
      0.3812387      0.3940555      0.2193992
      0.2698245      0.4322674      0.1926192
      0.3312176      0.4202397      0.4865761
      0.4428644      0.4025714      0.2469036
      0.4230344      0.3907651      0.6489421
      0.4429434      0.4156047      0.1331034
      0.4398934      0.3868032      0.1139270
      0.6030280      0.4741525      0.2440659
      0.3517286      0.4146261      0.2500660
      0.2312313      0.4428274      0.3960396
      0.4284428      0.3858987      0.1460020
      0.3754531      0.3729155      0.2844965
      0.3987406      0.3937496      0.0744406
      0.4068894      0.4209910      0.1637033
      0.3635893      0.3915505      0.2300039
      0.6646404      0.4206236      0.3602204
      0.1295699      0.4346505      0.4499685
      0.4062432      0.3792542      0.1224295
      1.6987338      1.1847053      0.3492951
      0.6879071      0.3983522      0.3459597
      0.3895666      0.3928085      0.5364374
      0.3324589      0.3953609      0.0903798
      0.5040410      0.4019092      0.2517503
      0.4508470      0.4101368      0.1800212
      0.1210861      0.4327490      0.2728697
      0.3893455      0.3815694      0.0934001
      0.4239750      0.3811550      0.1410117
      0.4082006      0.3949278      0.1280344
      0.3614713      0.3909842      0.1102430
      6.9732999      6.5751355      0.5598030
      0.4034953      0.3896898      0.2360724
      0.8674184      0.4273924      0.3568898
      0.4359076      0.3906692      0.1097301
      0.5424498      0.3730143      0.2044054
      0.4005577      0.3854083      0.1001954
      3.8592923      5.4910423      0.7282792
      0.4143828      0.4008207      0.2971159
      0.4044091      0.3798245      0.2354027
      0.3743000      0.4121854      0.2445454
     10.4035577     11.1426873      0.6686580
      8.7362624      8.9535235      0.6547788
      0.3775115      0.3867501      0.1073363
      0.4470410      0.4102801      0.1445041
      0.3890342      0.3950729      0.1378105
      0.4092533      0.3757520      0.2271818
      0.6994299      0.3893930      0.5863101
      0.3090315      0.3846902      0.8623057
      0.4305343      0.4003793      0.1135876
      0.3748789      0.3742522      0.4456909
      0.3463486      0.3898728      0.1406746
      0.3368871      0.4271897      0.6617940
      0.3484332      0.4108447      0.1425406
      0.4128755      0.4064141      0.1011635
      0.3542342      0.4036949      0.1180046
      0.4410057      0.4093274      0.1817438
      0.4291269      0.4083469      0.1076106
      0.4146622      0.3718872      0.1659462
      0.4732131      0.4028245      0.1599475
      0.3632024      0.3754997      0.2370458
      0.3372832      0.3830799      0.1763076
      0.4169613      0.3543006      0.3427157
      0.0618998      0.3969838      0.4690577
      0.3832124      0.3615263      0.2341763
      0.4204728      0.3786190      0.1482870
      0.4397413      0.3901263      0.3719573
      0.3803393      0.3701754      0.4838388
      0.3954880      0.3772894      0.1878638
      0.3031444      0.3509339      0.3930070
      0.4029473      0.3816952      0.9152116
      0.1895070      0.8260376      0.6830796
     12.9617197     10.1843479      0.8092787
      0.3744147      0.3654104      0.1854298
      0.3694092      0.3777467      0.2313194
      0.3420399      0.3787015      0.4171563
      0.4884334      0.3904022      0.2140626
      0.6124358      0.4753728      0.4152747
      0.4250793      0.3654403      0.2347176
     -2.9090183      0.8576328      0.9311505
      0.6260404      0.3687059      0.3425464
      0.3614715      0.3662300      0.2378804
      7.3201100      5.7658066      1.3165479
      0.4219707      0.3777063      0.2361738
      0.3520836      0.3959937      0.3809694
      0.4487796      0.3692843      1.1965479
      0.9329401      0.3658276      0.4950139
      0.3516567      0.3754745      0.4956948
     13.9057423     11.0176172      3.7171118
      0.1690196      0.3826319      0.2983303
      0.4451222      0.3746865      0.2328376
      0.3176687      0.3584962      0.2961514
      0.3881232      0.3640537      0.1636752
      0.3372790      0.3725324      0.3127514
      1.0001005      0.7831544      0.8264932
      0.4998682      0.3847788      0.2786137
      0.7557615      0.8900205      0.8153988
      0.4384554      0.3642102      0.5624447
      0.2622517      0.9034868      0.7255911
      9.1967542      9.7429422      1.5893499
      0.7836832      0.3983719      0.4485212
      0.4109211      0.3661100      0.1931701
      0.5489539      0.3651356      0.5529236
      0.3718418      0.3716278      0.1697375
      0.4250180      0.3734174      0.1697159
     -3.1550197      0.6807678      1.2593161
      0.3417982      0.3764355      1.1528313
     -0.0565548      0.6029459      0.5001364
      0.3168834      0.3670631      0.3735953
      0.3951386      0.3749843      0.1677584
      0.2531273      0.3481533      0.5731868
      0.4371507      0.3592740      0.7142308
      0.0419728      0.3911571      0.6285704
      0.2821501      0.3756207      0.3310639
      0.3673703      0.3682294      0.3044910
      0.5280383      0.3783282      0.3619320
      0.2727390      0.3558792      0.2994907
      0.4380712      0.3812966      0.2078750
      0.3529296      0.3788643      0.2055873
      0.3286526      0.3807120      0.1828407
      0.3071184      0.3608032      0.3634858
      0.4149121      0.3680427      0.3799277
      0.3697125      0.3591575      0.2839886
      0.4430777      0.3472050      0.5171846
      0.3613172      0.3623638      0.5044782
      0.3122523      0.3707558      0.2260402
      0.3650260      0.3827284      0.1291080
      3.2137217      4.3664446      1.8059535
MSE = 0.329974287597MAPE = 28.6591653276