     -0.0001976     -0.0001261      0.0009770
     -0.0019077     -0.0013092      0.0015250
     -0.0001310     -0.0001968      0.0010168
     -0.0008841     -0.0005103      0.0018762
      0.0003276      0.0000848      0.0008963
      0.0005789      0.0005454      0.0011193
     -0.0004677      0.0010618      0.0009168
     -0.0014710     -0.0025484      0.0014261
      0.0002059      0.0003288      0.0013780
     -0.0008698     -0.0003731      0.0010192
      0.0001399      0.0001345      0.0009194
     -0.0003170     -0.0001001      0.0008470
      0.0001485      0.0002111      0.0007476
     -0.0004258     -0.0004864      0.0008619
     -0.0000696      0.0017261      0.0014793
     -0.0041088     -0.0066014      0.0014142
     -0.0009729     -0.0006856      0.0009487
      0.0006797      0.0002215      0.0010240
     -0.0002388      0.0014603      0.0010022
     -0.0002910     -0.0001054      0.0010964
     -0.0001765     -0.0000993      0.0010568
      0.0000213      0.0001055      0.0014661
     -0.0012169     -0.0014711      0.0008653
      0.0002212      0.0009292      0.0013555
     -0.0001504     -0.0001008      0.0008938
      0.0003586      0.0005581      0.0010405
      0.0004202      0.0000626      0.0010444
      0.0000008     -0.0001090      0.0014382
      0.0004848      0.0007232      0.0008869
      0.0000546      0.0002374      0.0012739
     -0.0013682     -0.0015595      0.0018406
     -0.0001301     -0.0001698      0.0009181
      0.0001178     -0.0000470      0.0013181
      0.0001738      0.0000893      0.0010506
      0.0006553     -0.0000149      0.0010437
      0.0003014      0.0000754      0.0009582
     -0.0002581      0.0000258      0.0008606
      0.0002371      0.0004694      0.0012009
     -0.0000516      0.0001539      0.0016426
      0.0005348      0.0001201      0.0011705
     -0.0007280     -0.0007661      0.0012656
      0.0000199     -0.0010656      0.0014251
      0.0000128      0.0000055      0.0011192
     -0.0016018     -0.0029723      0.0013921
     -0.0001275     -0.0002211      0.0007033
      0.0000131     -0.0000995      0.0007507
     -0.0000074      0.0004198      0.0012419
     -0.0001922     -0.0002687      0.0010282
     -0.0002052     -0.0001148      0.0014862
     -0.0000381     -0.0001490      0.0011724
     -0.0005304     -0.0005090      0.0010802
     -0.0000337      0.0001826      0.0012320
     -0.0002852     -0.0002602      0.0010664
     -0.0002609     -0.0003296      0.0009949
     -0.0001501      0.0002402      0.0010785
     -0.0001277      0.0001941      0.0005661
     -0.0025703     -0.0016233      0.0014656
      0.0002118      0.0002574      0.0009195
      0.0000817      0.0001720      0.0012784
     -0.0019673     -0.0066069      0.0009982
      0.0000606      0.0004888      0.0010107
     -0.0002992     -0.0005197      0.0010835
     -0.0000214      0.0000067      0.0011706
      0.0002294      0.0005236      0.0012675
     -0.0014356     -0.0007934      0.0007475
     -0.0002978     -0.0002234      0.0005779
      0.0000802      0.0002359      0.0009825
     -0.0001719     -0.0004203      0.0008189
      0.0004312      0.0000532      0.0008688
     -0.0000001     -0.0000545      0.0010024
     -0.0002979     -0.0002594      0.0010620
      0.0002123      0.0002127      0.0010457
     -0.0005608     -0.0005829      0.0010093
      0.0005903      0.0002316      0.0009149
      0.0001553      0.0009715      0.0008265
     -0.0003001     -0.0004206      0.0015323
      0.0000202      0.0000126      0.0009702
      0.0007677      0.0003007      0.0019211
      0.0000985      0.0002603      0.0010025
      0.0001890     -0.0000318      0.0006494
     -0.0005361      0.0007546      0.0006888
     -0.0001867      0.0000826      0.0016716
      0.0000559      0.0012755      0.0010607
      0.0005188      0.0007833      0.0008961
      0.0001357      0.0000635      0.0011847
     -0.0001169     -0.0001858      0.0005391
     -0.0019281     -0.0011041      0.0006140
      0.0000774     -0.0003025      0.0008751
     -0.0002735      0.0008899      0.0012090
     -0.0008040     -0.0002272      0.0013626
      0.0000101      0.0000087      0.0011070
     -0.0017980     -0.0002993      0.0010338
      0.0004086     -0.0002590      0.0010496
     -0.0005063     -0.0005700      0.0014608
     -0.0006392     -0.0003512      0.0008216
      0.0003908      0.0003163      0.0013787
      0.0003505     -0.0005833      0.0010180
     -0.0014023     -0.0004931      0.0014482
      0.0001978     -0.0002191      0.0007676
      0.0000759     -0.0000236      0.0008563
     -0.0003231     -0.0000033      0.0008100
      0.0004619      0.0003537      0.0007815
     -0.0033040     -0.0066683      0.0012260
     -0.0002000     -0.0002243      0.0010664
     -0.0012180     -0.0001767      0.0012056
      0.0001606      0.0002096      0.0008498
      0.0000106     -0.0002032      0.0010153
     -0.0000688     -0.0004232      0.0005855
     -0.0046746     -0.0039577      0.0016403
     -0.0008533     -0.0009235      0.0012613
     -0.0013659     -0.0011044      0.0013574
      0.0001601      0.0000552      0.0012321
     -0.0045528     -0.0059919      0.0014727
     -0.0050699     -0.0046579      0.0012444
      0.0000109     -0.0002871      0.0010624
      0.0000414     -0.0000133      0.0009516
     -0.0002170     -0.0001845      0.0009972
     -0.0003261     -0.0001888      0.0012906
      0.0004086     -0.0000074      0.0013101
      0.0000525      0.0001632      0.0015116
     -0.0000043     -0.0001490      0.0006242
     -0.0001847      0.0001127      0.0012759
     -0.0002361      0.0001544      0.0007823
      0.0002772      0.0008143      0.0015502
      0.0004202      0.0001178      0.0008595
      0.0000660      0.0002014      0.0006246
     -0.0002469     -0.0002521      0.0008838
     -0.0002773     -0.0002412      0.0009142
      0.0002912      0.0005977      0.0008340
     -0.0000639     -0.0001387      0.0007787
     -0.0004774     -0.0001082      0.0008264
     -0.0002392     -0.0001308      0.0011344
     -0.0007356     -0.0003016      0.0014238
     -0.0006985     -0.0009061      0.0013746
      0.0014610     -0.0000403      0.0013825
     -0.0000946     -0.0002086      0.0009883
      0.0001759     -0.0000391      0.0009117
      0.0001291      0.0000223      0.0013472
     -0.0001489     -0.0000759      0.0014350
      0.0004057      0.0002130      0.0011501
     -0.0001890     -0.0005133      0.0014684
      0.0002653      0.0003533      0.0016216
     -0.0021631     -0.0027247      0.0011639
     -0.0058251     -0.0034413      0.0013747
     -0.0000209      0.0003613      0.0007236
      0.0002427      0.0003981      0.0011488
      0.0002316     -0.0000611      0.0014417
     -0.0000283     -0.0002046      0.0008621
      0.0008691      0.0018927      0.0014258
      0.0000482     -0.0001749      0.0012778
     -0.0016300      0.0010112      0.0014214
     -0.0002182     -0.0004425      0.0010135
     -0.0007530     -0.0004794      0.0010337
     -0.0034171     -0.0062710      0.0012113
     -0.0000665      0.0000250      0.0013333
     -0.0002376     -0.0000666      0.0012486
      0.0004796     -0.0010378      0.0016113
     -0.0003258     -0.0000766      0.0010296
     -0.0006937     -0.0003077      0.0013242
     -0.0041340     -0.0071664      0.0017602
      0.0004263      0.0001449      0.0011989
     -0.0003063     -0.0005605      0.0012177
      0.0004590      0.0002128      0.0014267
      0.0000312     -0.0002467      0.0007302
     -0.0002352     -0.0000489      0.0009469
     -0.0013414     -0.0021957      0.0015085
     -0.0001415     -0.0003436      0.0011863
      0.0006335      0.0021015      0.0015552
      0.0001619      0.0000102      0.0011856
     -0.0004518      0.0016862      0.0014835
     -0.0036860     -0.0055384      0.0014764
     -0.0005930      0.0004061      0.0012884
     -0.0002352     -0.0001687      0.0009215
      0.0006741      0.0004407      0.0013180
      0.0002115      0.0001790      0.0007935
     -0.0001694      0.0001052      0.0007353
     -0.0003447      0.0022339      0.0015390
      0.0004979      0.0003601      0.0016804
     -0.0027972     -0.0024550      0.0013098
     -0.0000629     -0.0001399      0.0010980
     -0.0000892     -0.0000029      0.0009076
     -0.0007047     -0.0004351      0.0012140
      0.0000025     -0.0000548      0.0014109
     -0.0008575     -0.0009971      0.0014369
     -0.0008812     -0.0010812      0.0012174
     -0.0001326     -0.0001860      0.0009530
      0.0002077      0.0000646      0.0011927
      0.0004303      0.0001834      0.0009954
      0.0000237     -0.0000973      0.0012261
     -0.0003635     -0.0003974      0.0009591
      0.0002616     -0.0002622      0.0009558
      0.0002042      0.0002622      0.0012019
     -0.0000029     -0.0002393      0.0009648
     -0.0004773     -0.0003194      0.0011292
     -0.0002647     -0.0004686      0.0016262
      0.0000004     -0.0001244      0.0010686
     -0.0008422     -0.0010932      0.0011110
     -0.0001971     -0.0004295      0.0009797
     -0.0026128     -0.0058363      0.0015285
MSE = 7.07877476825e-07MAPE = 258.742636561