     -0.0001992     -0.0001261      0.0006063
     -0.0007399     -0.0013092      0.0014683
     -0.0002520     -0.0001968      0.0005199
     -0.0007977     -0.0005103      0.0013597
     -0.0001916      0.0000848      0.0005633
      0.0005937      0.0005454      0.0007654
      0.0003212      0.0010618      0.0009696
     -0.0015383     -0.0025484      0.0010874
      0.0003501      0.0003288      0.0009594
     -0.0005592     -0.0003731      0.0007464
      0.0002410      0.0001345      0.0004841
      0.0000566     -0.0001001      0.0006938
     -0.0002304      0.0002111      0.0005988
     -0.0004353     -0.0004864      0.0008598
      0.0014359      0.0017261      0.0010146
     -0.0038435     -0.0066014      0.0013986
      0.0003350     -0.0006856      0.0011592
      0.0000974      0.0002215      0.0008861
      0.0009910      0.0014603      0.0010066
      0.0003260     -0.0001054      0.0007497
      0.0000226     -0.0000993      0.0007152
     -0.0000491      0.0001055      0.0007598
     -0.0007353     -0.0014711      0.0009231
      0.0002687      0.0009292      0.0013018
     -0.0000595     -0.0001008      0.0008826
      0.0004218      0.0005581      0.0007293
     -0.0001944      0.0000626      0.0007122
     -0.0001889     -0.0001090      0.0011722
      0.0006487      0.0007232      0.0009325
      0.0001175      0.0002374      0.0008363
     -0.0008414     -0.0015595      0.0012562
     -0.0002011     -0.0001698      0.0006247
     -0.0001697     -0.0000470      0.0010040
      0.0003718      0.0000893      0.0007051
      0.0006404     -0.0000149      0.0008850
     -0.0000853      0.0000754      0.0007567
     -0.0000953      0.0000258      0.0006215
      0.0000134      0.0004694      0.0007515
     -0.0000538      0.0001539      0.0012241
      0.0003052      0.0001201      0.0009468
     -0.0009418     -0.0007661      0.0010452
     -0.0008048     -0.0010656      0.0013236
     -0.0001780      0.0000055      0.0007601
     -0.0030646     -0.0029723      0.0011787
     -0.0002229     -0.0002211      0.0004441
      0.0002978     -0.0000995      0.0005087
      0.0004245      0.0004198      0.0008449
     -0.0000344     -0.0002687      0.0007989
     -0.0002317     -0.0001148      0.0010692
     -0.0003723     -0.0001490      0.0008327
     -0.0001737     -0.0005090      0.0005118
      0.0001477      0.0001826      0.0006087
      0.0002081     -0.0002602      0.0006864
     -0.0005993     -0.0003296      0.0004604
      0.0001218      0.0002402      0.0006339
      0.0001932      0.0001941      0.0005580
     -0.0015509     -0.0016233      0.0010443
      0.0001226      0.0002574      0.0006837
      0.0003952      0.0001720      0.0011636
     -0.0057579     -0.0066069      0.0009901
      0.0001219      0.0004888      0.0007272
     -0.0009676     -0.0005197      0.0009640
     -0.0002210      0.0000067      0.0011262
      0.0000448      0.0005236      0.0009281
     -0.0005653     -0.0007934      0.0009991
     -0.0001761     -0.0002234      0.0006209
     -0.0002473      0.0002359      0.0008020
     -0.0002148     -0.0004203      0.0006296
      0.0004307      0.0000532      0.0006361
     -0.0001854     -0.0000545      0.0008910
     -0.0000725     -0.0002594      0.0008367
     -0.0002775      0.0002127      0.0006399
     -0.0005950     -0.0005829      0.0007585
     -0.0001224      0.0002316      0.0008598
      0.0011908      0.0009715      0.0007761
     -0.0004763     -0.0004206      0.0012800
      0.0001913      0.0000126      0.0009160
      0.0006889      0.0003007      0.0013000
      0.0000061      0.0002603      0.0006597
     -0.0001662     -0.0000318      0.0006165
      0.0020829      0.0007546      0.0008842
      0.0001340      0.0000826      0.0008626
      0.0006498      0.0012755      0.0009952
      0.0010933      0.0007833      0.0006674
      0.0004325      0.0000635      0.0010158
     -0.0003222     -0.0001858      0.0004929
     -0.0013273     -0.0011041      0.0006501
     -0.0003668     -0.0003025      0.0007869
     -0.0004225      0.0008899      0.0009144
      0.0002661     -0.0002272      0.0011085
     -0.0000497      0.0000087      0.0006110
     -0.0007516     -0.0002993      0.0008868
     -0.0002469     -0.0002590      0.0010165
     -0.0008235     -0.0005700      0.0013451
     -0.0001412     -0.0003512      0.0005200
      0.0000509      0.0003163      0.0010174
     -0.0006226     -0.0005833      0.0008181
     -0.0004444     -0.0004931      0.0008974
     -0.0000995     -0.0002191      0.0004895
      0.0000175     -0.0000236      0.0006809
     -0.0000789     -0.0000033      0.0006750
      0.0003053      0.0003537      0.0006303
     -0.0050905     -0.0066683      0.0009494
     -0.0000976     -0.0002243      0.0008547
     -0.0006194     -0.0001767      0.0011115
     -0.0001035      0.0002096      0.0006159
     -0.0003707     -0.0002032      0.0009251
     -0.0006425     -0.0004232      0.0005494
     -0.0049024     -0.0039577      0.0009976
     -0.0010602     -0.0009235      0.0010569
     -0.0007004     -0.0011044      0.0009060
      0.0003567      0.0000552      0.0009489
     -0.0060976     -0.0059919      0.0011288
     -0.0043681     -0.0046579      0.0010509
     -0.0001806     -0.0002871      0.0006223
      0.0001402     -0.0000133      0.0006682
      0.0001570     -0.0001845      0.0006479
     -0.0004348     -0.0001888      0.0007338
      0.0002542     -0.0000074      0.0013148
      0.0004184      0.0001632      0.0013218
      0.0001404     -0.0001490      0.0005641
      0.0000286      0.0001127      0.0011854
      0.0003610      0.0001544      0.0006944
      0.0003384      0.0008143      0.0013902
     -0.0000660      0.0001178      0.0007204
      0.0001236      0.0002014      0.0005830
     -0.0003147     -0.0002521      0.0006852
      0.0002455     -0.0002412      0.0008015
      0.0003981      0.0005977      0.0005532
     -0.0003215     -0.0001387      0.0007213
     -0.0001814     -0.0001082      0.0006718
     -0.0001960     -0.0001308      0.0008530
     -0.0004610     -0.0003016      0.0007437
     -0.0013967     -0.0009061      0.0011290
      0.0001717     -0.0000403      0.0011084
     -0.0010709     -0.0002086      0.0008063
      0.0000194     -0.0000391      0.0006083
      0.0000050      0.0000223      0.0010394
      0.0000498     -0.0000759      0.0012022
      0.0006850      0.0002130      0.0007157
     -0.0001012     -0.0005133      0.0010838
      0.0003430      0.0003533      0.0015343
     -0.0027974     -0.0027247      0.0013323
     -0.0052022     -0.0034413      0.0012429
     -0.0000670      0.0003613      0.0007484
     -0.0002381      0.0003981      0.0008224
      0.0000884     -0.0000611      0.0011432
     -0.0001029     -0.0002046      0.0008251
      0.0005549      0.0018927      0.0011021
      0.0000696     -0.0001749      0.0008463
     -0.0019969      0.0010112      0.0014059
     -0.0014461     -0.0004425      0.0009452
     -0.0004932     -0.0004794      0.0009948
     -0.0032633     -0.0062710      0.0014550
      0.0001263      0.0000250      0.0007651
     -0.0001825     -0.0000666      0.0010252
     -0.0010733     -0.0010378      0.0015616
      0.0001585     -0.0000766      0.0011873
     -0.0001337     -0.0003077      0.0012633
     -0.0052791     -0.0071664      0.0018762
      0.0005083      0.0001449      0.0009998
     -0.0005263     -0.0005605      0.0007759
      0.0003999      0.0002128      0.0008929
     -0.0002372     -0.0002467      0.0007122
      0.0001293     -0.0000489      0.0008865
     -0.0007845     -0.0021957      0.0013560
     -0.0008393     -0.0003436      0.0009352
      0.0015276      0.0021015      0.0013024
      0.0004326      0.0000102      0.0012636
     -0.0009951      0.0016862      0.0012428
     -0.0051629     -0.0055384      0.0015945
      0.0004249      0.0004061      0.0009421
      0.0005421     -0.0001687      0.0007601
      0.0012714      0.0004407      0.0012483
      0.0000558      0.0001790      0.0007396
     -0.0004776      0.0001052      0.0006658
     -0.0024727      0.0022339      0.0014021
      0.0008413      0.0003601      0.0016722
     -0.0011751     -0.0024550      0.0011506
      0.0001206     -0.0001399      0.0009441
      0.0001109     -0.0000029      0.0007233
     -0.0003011     -0.0004351      0.0012041
     -0.0006966     -0.0000548      0.0012394
     -0.0001810     -0.0009971      0.0013120
     -0.0007076     -0.0010812      0.0009638
     -0.0003975     -0.0001860      0.0010006
      0.0003304      0.0000646      0.0011105
     -0.0000937      0.0001834      0.0009990
      0.0000397     -0.0000973      0.0007870
     -0.0002589     -0.0003974      0.0008097
     -0.0001063     -0.0002622      0.0007281
      0.0004924      0.0002622      0.0010014
     -0.0002262     -0.0002393      0.0011361
     -0.0004180     -0.0003194      0.0009275
     -0.0005723     -0.0004686      0.0011254
     -0.0008128     -0.0001244      0.0011769
     -0.0008922     -0.0010932      0.0008807
     -0.0001914     -0.0004295      0.0006511
     -0.0044447     -0.0058363      0.0017190
MSE = 4.86509019349e-07MAPE = 259.279301738